$ANSIBLE_VAULT;1.1;AES256
35626233353131343539383337646565656365333233343236383338633164353139336531353135
6166383661663337393661333765356238613464353933310a633230363265306261313038636366
31303537336131623865303632343263393130323663343830653539323338333565376533316130
3133643966323262330a646432666439363265383364383861366232643334653432643864316666
32346164343139333162386664643133306434323964343762653534353738346231326663626237
33386134616633363133356438303861366237316664653466333761343933333339633933336230
65616264636634646162653232303830323634383535303836633334343637343534623530373538
33306461333463623039366161636361383332613832303136656131396338323632633131623864
65633534363865343439313435313365316336363738393338386432383631656538363837363335
63656339343939353866633164393239653830656230383764333539306432346230633339346562
34376439303534356335356361613661393230383732323465323864303165646337656233663763
31366538643538336138313638306339383362666266303665303363613439646331383533373030
37383430663463366561323262346366373939643137333066303536626638646239396165383831
39653638323664353062366130323762313432396136376238303165343964323937346536623931
32656635613833303436343439363965663332353239323135613538343930653937636336306539
63663839343333393232343133663933383263353265336661643161356566343365383563623766
32303964396665633135356162383666363734353032643539333765616633653336373132316130
36366564623761616135383263343537633739626236396334366563656231616439346231346561
61653462613764373662333638623662613030316130373561306231386561356663653163356364
36643231316435303537313161353562636665373837636462316139646633356334313430646534
39616265636465616530396539323838393362333462396538333330326430316565633134303531
32626131376562306331313239663662336538333066303561393639353238323832373663383737
39633734353464383163656235306533313464313530626539376237663463316131313336663030
31363334303638353836326436323836633536303936396137353665343561343865333064373063
6164
